[gd_scene load_steps=6 format=2]

[ext_resource path="res://assets/GrassBloc1.tscn" type="PackedScene" id=1]
[ext_resource path="res://assets/Player.tscn" type="PackedScene" id=2]
[ext_resource path="res://assets/GrassBloc3.tscn" type="PackedScene" id=3]
[ext_resource path="res://assets/GrassBloc2.tscn" type="PackedScene" id=4]
[ext_resource path="res://assets/Turtle.tscn" type="PackedScene" id=5]

[node name="World2" type="Spatial"]

[node name="GrassBloc1" parent="." instance=ExtResource( 1 )]

[node name="GrassBloc12" parent="." instance=ExtResource( 1 )]
transform = Transform( 1, 0, 0, 0, 1, 0, 0, 0, 1, 4.77531, 0, -4.76762 )

[node name="GrassBloc2" parent="." instance=ExtResource( 1 )]
transform = Transform( 1, 0, 0, 0, 1, 0, 0, 0, 1, -19.0805, 0, 0 )

[node name="GrassBloc5" parent="." instance=ExtResource( 1 )]
transform = Transform( 1, 0, 0, 0, 1, 0, 0, 0, 1, -0.32847, 9.18986, 0.559585 )

[node name="GrassBloc6" parent="." instance=ExtResource( 1 )]
transform = Transform( 1, 0, 0, 0, 1, 0, 0, 0, 1, -0.32847, 5.87114, 18.53 )

[node name="GrassBloc11" parent="." instance=ExtResource( 1 )]
transform = Transform( 1, 0, 0, 0, 1, 0, 0, 0, 1, -0.32847, 9.07513, 10.1793 )

[node name="GrassBloc7" parent="." instance=ExtResource( 1 )]
transform = Transform( 1, 0, 0, 0, 1, 0, 0, 0, 1, -16.6402, 12.0237, 0.447475 )

[node name="GrassBloc10" parent="." instance=ExtResource( 1 )]
transform = Transform( 1, 0, 0, 0, 1, 0, 0, 0, 1, -37.3854, 14.0078, 0.447475 )

[node name="GrassBloc14" parent="." instance=ExtResource( 1 )]
transform = Transform( 1, 0, 0, 0, 1, 0, 0, 0, 1, -37.3854, 20.7145, 5.41836 )

[node name="GrassBloc15" parent="." instance=ExtResource( 1 )]
transform = Transform( 1, 0, 0, 0, 1, 0, 0, 0, 1, -37.3854, 20.7145, 10.2209 )

[node name="GrassBloc17" parent="." instance=ExtResource( 1 )]
transform = Transform( 1, 0, 0, 0, 1, 0, 0, 0, 1, -37.3854, 26.243, 20.0793 )

[node name="GrassBloc3" parent="." instance=ExtResource( 1 )]
transform = Transform( 1, 0, 0, 0, 0.905843, 0.423615, 0, -0.423615, 0.905843, -32.3745, 0, 11.1701 )

[node name="GrassBloc4" parent="." instance=ExtResource( 1 )]
transform = Transform( -1, 3.70336e-08, -7.91913e-08, 0, 0.905843, 0.423615, 8.74228e-08, 0.423615, -0.905843, -19.1769, 0, 27.1646 )

[node name="Player" parent="." instance=ExtResource( 2 )]
transform = Transform( -0.0104019, 0, 0.999946, 0, 1, 0, -0.999946, 0, -0.0104019, 0.284319, 2.85442, 0.217825 )
SPAWN = Vector3( 0.284, 2.854, 0.218 )

[node name="GrassBloc9" parent="." instance=ExtResource( 1 )]
transform = Transform( -1, 8.74228e-08, 0, 6.54202e-08, 0.748319, 0.663339, 5.79909e-08, 0.663339, -0.748319, -0.317732, 7.71274, 13.7329 )

[node name="GrassBloc13" parent="." instance=ExtResource( 4 )]
transform = Transform( 1, 0, 0, 0, 1, 0, 0, 0, 1, -0.0418141, 0.000288963, -4.82531 )

[node name="GrassBloc8" parent="." instance=ExtResource( 3 )]
transform = Transform( 1, 0, 0, 0, 1, 0, 0, 0, 1, 4.77358, 0.00434673, 0.038136 )

[node name="GrassBloc16" parent="." instance=ExtResource( 4 )]
transform = Transform( 1, 0, 0, 0, 1, 0, 0, 0, 1, -37.3774, 20.7293, 15.0364 )

[node name="Turtle" parent="." instance=ExtResource( 5 )]
transform = Transform( 1, 0, 0, 0, 1, 0, 0, 0, 1, -37.1104, 22.0931, 4.1174 )
max_distance = 12
min_distance = -12
